/*--------------------------------*- C++ -*----------------------------------*\
  =========                 |
  \\      /  F ield         | OpenFOAM: The Open Source CFD Toolbox
   \\    /   O peration     | Website:  https://openfoam.org
    \\  /    A nd           | Version:  6
     \\/     M anipulation  |
\*---------------------------------------------------------------------------*/
FoamFile
{
    version     2.0;
    format      ascii;
    class       cellSet;
    location    "constant/polyMesh/sets";
    object      inletToPlaneCells;
}
// * * * * * * * * * * * * * * * * * * * * * * * * * * * * * * * * * * * * * //


2000
(
0 
1 
2 
3 
4 
5 
6 
7 
8 
9 
10 
11 
12 
13 
14 
15 
16400 
16 
16401 
17 
16402 
18 
16403 
19 
16404 
16405 
16406 
16407 
16408 
16409 
16410 
16411 
16412 
16413 
16414 
16415 
16416 
16417 
16418 
16419 
200 
201 
202 
203 
204 
205 
206 
207 
208 
209 
210 
211 
212 
213 
214 
215 
16600 
216 
16601 
217 
16602 
218 
16603 
219 
16604 
16605 
16606 
16607 
16608 
16609 
16610 
16611 
16612 
16613 
16614 
16615 
16616 
16617 
16618 
16619 
400 
401 
402 
403 
404 
405 
406 
407 
408 
409 
410 
411 
412 
413 
414 
415 
16800 
416 
16801 
417 
16802 
418 
16803 
419 
16804 
16805 
16806 
16807 
16808 
16809 
16810 
16811 
16812 
16813 
16814 
16815 
16816 
16817 
16818 
16819 
600 
601 
602 
603 
604 
605 
606 
607 
608 
609 
610 
611 
612 
613 
614 
615 
17000 
616 
17001 
617 
17002 
618 
17003 
619 
17004 
17005 
17006 
17007 
17008 
17009 
17010 
17011 
17012 
17013 
17014 
17015 
17016 
17017 
17018 
17019 
800 
801 
802 
803 
804 
805 
806 
807 
808 
809 
810 
811 
812 
813 
814 
815 
17200 
816 
17201 
817 
17202 
818 
17203 
819 
17204 
17205 
17206 
17207 
17208 
17209 
17210 
17211 
17212 
17213 
17214 
17215 
17216 
17217 
17218 
17219 
1000 
1001 
1002 
1003 
1004 
1005 
1006 
1007 
1008 
1009 
1010 
1011 
1012 
1013 
1014 
1015 
17400 
1016 
17401 
1017 
17402 
1018 
17403 
1019 
17404 
17405 
17406 
17407 
17408 
17409 
17410 
17411 
17412 
17413 
17414 
17415 
17416 
17417 
17418 
17419 
1200 
1201 
1202 
1203 
1204 
1205 
1206 
1207 
1208 
1209 
1210 
1211 
1212 
1213 
1214 
1215 
17600 
1216 
17601 
1217 
17602 
1218 
17603 
1219 
17604 
17605 
17606 
17607 
17608 
17609 
17610 
17611 
17612 
17613 
17614 
17615 
17616 
17617 
17618 
17619 
1400 
1401 
1402 
1403 
1404 
1405 
1406 
1407 
1408 
1409 
1410 
1411 
1412 
1413 
1414 
1415 
17800 
1416 
17801 
1417 
17802 
1418 
17803 
1419 
17804 
17805 
17806 
17807 
17808 
17809 
17810 
17811 
17812 
17813 
17814 
17815 
17816 
17817 
17818 
17819 
1600 
1601 
1602 
1603 
1604 
1605 
1606 
1607 
1608 
1609 
1610 
1611 
1612 
1613 
1614 
1615 
18000 
1616 
18001 
1617 
18002 
1618 
18003 
1619 
18004 
18005 
18006 
18007 
18008 
18009 
18010 
18011 
18012 
18013 
18014 
18015 
18016 
18017 
18018 
18019 
1800 
1801 
1802 
1803 
1804 
1805 
1806 
1807 
1808 
1809 
1810 
1811 
1812 
1813 
1814 
1815 
18200 
1816 
18201 
1817 
18202 
1818 
18203 
1819 
18204 
18205 
18206 
18207 
18208 
18209 
18210 
18211 
18212 
18213 
18214 
18215 
18216 
18217 
18218 
18219 
2000 
2001 
2002 
2003 
2004 
2005 
2006 
2007 
2008 
2009 
2010 
2011 
2012 
2013 
2014 
2015 
18400 
2016 
18401 
2017 
18402 
2018 
18403 
2019 
18404 
18405 
18406 
18407 
18408 
18409 
18410 
18411 
18412 
18413 
18414 
18415 
18416 
18417 
18418 
18419 
2200 
2201 
2202 
2203 
2204 
2205 
2206 
2207 
2208 
2209 
2210 
2211 
2212 
2213 
2214 
2215 
18600 
2216 
18601 
2217 
18602 
2218 
18603 
2219 
18604 
18605 
18606 
18607 
18608 
18609 
18610 
18611 
18612 
18613 
18614 
18615 
18616 
18617 
18618 
18619 
2400 
2401 
2402 
2403 
2404 
2405 
2406 
2407 
2408 
2409 
2410 
2411 
2412 
2413 
2414 
2415 
18800 
2416 
18801 
2417 
18802 
2418 
18803 
2419 
18804 
18805 
18806 
18807 
18808 
18809 
18810 
18811 
18812 
18813 
18814 
18815 
18816 
18817 
18818 
18819 
2600 
2601 
2602 
2603 
2604 
2605 
2606 
2607 
2608 
2609 
2610 
2611 
2612 
2613 
2614 
2615 
19000 
2616 
19001 
2617 
19002 
2618 
19003 
2619 
19004 
19005 
19006 
19007 
19008 
19009 
19010 
19011 
19012 
19013 
19014 
19015 
19016 
19017 
19018 
19019 
2800 
2801 
2802 
2803 
2804 
2805 
2806 
2807 
2808 
2809 
2810 
2811 
2812 
2813 
2814 
2815 
19200 
2816 
19201 
2817 
19202 
2818 
19203 
2819 
19204 
19205 
19206 
19207 
19208 
19209 
19210 
19211 
19212 
19213 
19214 
19215 
19216 
19217 
19218 
19219 
3000 
3001 
3002 
3003 
3004 
3005 
3006 
3007 
3008 
3009 
3010 
3011 
3012 
3013 
3014 
3015 
19400 
3016 
19401 
3017 
19402 
3018 
19403 
3019 
19404 
19405 
19406 
19407 
19408 
19409 
19410 
19411 
19412 
19413 
19414 
19415 
19416 
19417 
19418 
19419 
3200 
3201 
3202 
3203 
3204 
3205 
3206 
3207 
3208 
3209 
3210 
3211 
3212 
3213 
3214 
3215 
19600 
3216 
19601 
3217 
19602 
3218 
19603 
3219 
19604 
19605 
19606 
19607 
19608 
19609 
19610 
19611 
19612 
19613 
19614 
19615 
19616 
19617 
19618 
19619 
3400 
3401 
3402 
3403 
3404 
3405 
3406 
3407 
3408 
3409 
3410 
3411 
3412 
3413 
3414 
3415 
19800 
3416 
19801 
3417 
19802 
3418 
19803 
3419 
19804 
19805 
19806 
19807 
19808 
19809 
19810 
19811 
19812 
19813 
19814 
19815 
19816 
19817 
19818 
19819 
3600 
3601 
3602 
3603 
3604 
3605 
3606 
3607 
3608 
3609 
3610 
3611 
3612 
3613 
3614 
3615 
3616 
3617 
3618 
3619 
3800 
3801 
3802 
3803 
3804 
3805 
3806 
3807 
3808 
3809 
3810 
3811 
3812 
3813 
3814 
3815 
3816 
3817 
3818 
3819 
4000 
4001 
4002 
4003 
4004 
4005 
4006 
4007 
4008 
4009 
4010 
4011 
4012 
4013 
4014 
4015 
4016 
4017 
4018 
4019 
4200 
4201 
4202 
4203 
4204 
4205 
4206 
4207 
4208 
4209 
4210 
4211 
4212 
4213 
4214 
4215 
4216 
4217 
4218 
4219 
4400 
4401 
4402 
4403 
4404 
4405 
4406 
4407 
4408 
4409 
4410 
4411 
4412 
4413 
4414 
4415 
4416 
4417 
4418 
4419 
4600 
4601 
4602 
4603 
4604 
4605 
4606 
4607 
4608 
4609 
4610 
4611 
4612 
4613 
4614 
4615 
4616 
4617 
4618 
4619 
4800 
4801 
4802 
4803 
4804 
4805 
4806 
4807 
4808 
4809 
4810 
4811 
4812 
4813 
4814 
4815 
4816 
4817 
4818 
4819 
5000 
5001 
5002 
5003 
5004 
5005 
5006 
5007 
5008 
5009 
5010 
5011 
5012 
5013 
5014 
5015 
5016 
5017 
5018 
5019 
5200 
5201 
5202 
5203 
5204 
5205 
5206 
5207 
5208 
5209 
5210 
5211 
5212 
5213 
5214 
5215 
5216 
5217 
5218 
5219 
5400 
5401 
5402 
5403 
5404 
5405 
5406 
5407 
5408 
5409 
5410 
5411 
5412 
5413 
5414 
5415 
5416 
5417 
5418 
5419 
5600 
5601 
5602 
5603 
5604 
5605 
5606 
5607 
5608 
5609 
5610 
5611 
5612 
5613 
5614 
5615 
5616 
5617 
5618 
5619 
5800 
5801 
5802 
5803 
5804 
5805 
5806 
5807 
5808 
5809 
5810 
5811 
5812 
5813 
5814 
5815 
5816 
5817 
5818 
5819 
6000 
6001 
6002 
6003 
6004 
6005 
6006 
6007 
6008 
6009 
6010 
6011 
6012 
6013 
6014 
6015 
6016 
6017 
6018 
6019 
6200 
6201 
6202 
6203 
6204 
6205 
6206 
6207 
6208 
6209 
6210 
6211 
6212 
6213 
6214 
6215 
6216 
6217 
6218 
6219 
6400 
6401 
6402 
6403 
6404 
6405 
6406 
6407 
6408 
6409 
6410 
6411 
6412 
6413 
6414 
6415 
6416 
6417 
6418 
6419 
6600 
6601 
6602 
6603 
6604 
6605 
6606 
6607 
6608 
6609 
6610 
6611 
6612 
6613 
6614 
6615 
6616 
6617 
6618 
6619 
6800 
6801 
6802 
6803 
6804 
6805 
6806 
6807 
6808 
6809 
6810 
6811 
6812 
6813 
6814 
6815 
6816 
6817 
6818 
6819 
7000 
7001 
7002 
7003 
7004 
7005 
7006 
7007 
7008 
7009 
7010 
7011 
7012 
7013 
7014 
7015 
7016 
7017 
7018 
7019 
7200 
7201 
7202 
7203 
7204 
7205 
7206 
7207 
7208 
7209 
7210 
7211 
7212 
7213 
7214 
7215 
7216 
7217 
7218 
7219 
7400 
7401 
7402 
7403 
7404 
7405 
7406 
7407 
7408 
7409 
7410 
7411 
7412 
7413 
7414 
7415 
7416 
7417 
7418 
7419 
7600 
7601 
7602 
7603 
7604 
7605 
7606 
7607 
7608 
7609 
7610 
7611 
7612 
7613 
7614 
7615 
7616 
7617 
7618 
7619 
7800 
7801 
7802 
7803 
7804 
7805 
7806 
7807 
7808 
7809 
7810 
7811 
7812 
7813 
7814 
7815 
7816 
7817 
7818 
7819 
8000 
8001 
8002 
8003 
8004 
8005 
8006 
8007 
8008 
8009 
8010 
8011 
8012 
8013 
8014 
8015 
8016 
8017 
8018 
8019 
8200 
8201 
8202 
8203 
8204 
8205 
8206 
8207 
8208 
8209 
8210 
8211 
8212 
8213 
8214 
8215 
8216 
8217 
8218 
8219 
8400 
8401 
8402 
8403 
8404 
8405 
8406 
8407 
8408 
8409 
8410 
8411 
8412 
8413 
8414 
8415 
8416 
8417 
8418 
8419 
8600 
8601 
8602 
8603 
8604 
8605 
8606 
8607 
8608 
8609 
8610 
8611 
8612 
8613 
8614 
8615 
8616 
8617 
8618 
8619 
8800 
8801 
8802 
8803 
8804 
8805 
8806 
8807 
8808 
8809 
8810 
8811 
8812 
8813 
8814 
8815 
8816 
8817 
8818 
8819 
9000 
9001 
9002 
9003 
9004 
9005 
9006 
9007 
9008 
9009 
9010 
9011 
9012 
9013 
9014 
9015 
9016 
9017 
9018 
9019 
9200 
9201 
9202 
9203 
9204 
9205 
9206 
9207 
9208 
9209 
9210 
9211 
9212 
9213 
9214 
9215 
9216 
9217 
9218 
9219 
9400 
9401 
9402 
9403 
9404 
9405 
9406 
9407 
9408 
9409 
9410 
9411 
9412 
9413 
9414 
9415 
9416 
9417 
9418 
9419 
9600 
9601 
9602 
9603 
9604 
9605 
9606 
9607 
9608 
9609 
9610 
9611 
9612 
9613 
9614 
9615 
9616 
9617 
9618 
9619 
9800 
9801 
9802 
9803 
9804 
9805 
9806 
9807 
9808 
9809 
9810 
9811 
9812 
9813 
9814 
9815 
9816 
9817 
9818 
9819 
10000 
10001 
10002 
10003 
10004 
10005 
10006 
10007 
10008 
10009 
10010 
10011 
10012 
10013 
10014 
10015 
10016 
10017 
10018 
10019 
10200 
10201 
10202 
10203 
10204 
10205 
10206 
10207 
10208 
10209 
10210 
10211 
10212 
10213 
10214 
10215 
10216 
10217 
10218 
10219 
10400 
10401 
10402 
10403 
10404 
10405 
10406 
10407 
10408 
10409 
10410 
10411 
10412 
10413 
10414 
10415 
10416 
10417 
10418 
10419 
10600 
10601 
10602 
10603 
10604 
10605 
10606 
10607 
10608 
10609 
10610 
10611 
10612 
10613 
10614 
10615 
10616 
10617 
10618 
10619 
10800 
10801 
10802 
10803 
10804 
10805 
10806 
10807 
10808 
10809 
10810 
10811 
10812 
10813 
10814 
10815 
10816 
10817 
10818 
10819 
11000 
11001 
11002 
11003 
11004 
11005 
11006 
11007 
11008 
11009 
11010 
11011 
11012 
11013 
11014 
11015 
11016 
11017 
11018 
11019 
11200 
11201 
11202 
11203 
11204 
11205 
11206 
11207 
11208 
11209 
11210 
11211 
11212 
11213 
11214 
11215 
11216 
11217 
11218 
11219 
11400 
11401 
11402 
11403 
11404 
11405 
11406 
11407 
11408 
11409 
11410 
11411 
11412 
11413 
11414 
11415 
11416 
11417 
11418 
11419 
11600 
11601 
11602 
11603 
11604 
11605 
11606 
11607 
11608 
11609 
11610 
11611 
11612 
11613 
11614 
11615 
11616 
11617 
11618 
11619 
11800 
11801 
11802 
11803 
11804 
11805 
11806 
11807 
11808 
11809 
11810 
11811 
11812 
11813 
11814 
11815 
11816 
11817 
11818 
11819 
12000 
12001 
12002 
12003 
12004 
12005 
12006 
12007 
12008 
12009 
12010 
12011 
12012 
12013 
12014 
12015 
12016 
12017 
12018 
12019 
12200 
12201 
12202 
12203 
12204 
12205 
12206 
12207 
12208 
12209 
12210 
12211 
12212 
12213 
12214 
12215 
12216 
12217 
12218 
12219 
12400 
12401 
12402 
12403 
12404 
12405 
12406 
12407 
12408 
12409 
12410 
12411 
12412 
12413 
12414 
12415 
12416 
12417 
12418 
12419 
12600 
12601 
12602 
12603 
12604 
12605 
12606 
12607 
12608 
12609 
12610 
12611 
12612 
12613 
12614 
12615 
12616 
12617 
12618 
12619 
12800 
12801 
12802 
12803 
12804 
12805 
12806 
12807 
12808 
12809 
12810 
12811 
12812 
12813 
12814 
12815 
12816 
12817 
12818 
12819 
13000 
13001 
13002 
13003 
13004 
13005 
13006 
13007 
13008 
13009 
13010 
13011 
13012 
13013 
13014 
13015 
13016 
13017 
13018 
13019 
13200 
13201 
13202 
13203 
13204 
13205 
13206 
13207 
13208 
13209 
13210 
13211 
13212 
13213 
13214 
13215 
13216 
13217 
13218 
13219 
13400 
13401 
13402 
13403 
13404 
13405 
13406 
13407 
13408 
13409 
13410 
13411 
13412 
13413 
13414 
13415 
13416 
13417 
13418 
13419 
13600 
13601 
13602 
13603 
13604 
13605 
13606 
13607 
13608 
13609 
13610 
13611 
13612 
13613 
13614 
13615 
13616 
13617 
13618 
13619 
13800 
13801 
13802 
13803 
13804 
13805 
13806 
13807 
13808 
13809 
13810 
13811 
13812 
13813 
13814 
13815 
13816 
13817 
13818 
13819 
14000 
14001 
14002 
14003 
14004 
14005 
14006 
14007 
14008 
14009 
14010 
14011 
14012 
14013 
14014 
14015 
14016 
14017 
14018 
14019 
14200 
14201 
14202 
14203 
14204 
14205 
14206 
14207 
14208 
14209 
14210 
14211 
14212 
14213 
14214 
14215 
14216 
14217 
14218 
14219 
14400 
14401 
14402 
14403 
14404 
14405 
14406 
14407 
14408 
14409 
14410 
14411 
14412 
14413 
14414 
14415 
14416 
14417 
14418 
14419 
14600 
14601 
14602 
14603 
14604 
14605 
14606 
14607 
14608 
14609 
14610 
14611 
14612 
14613 
14614 
14615 
14616 
14617 
14618 
14619 
14800 
14801 
14802 
14803 
14804 
14805 
14806 
14807 
14808 
14809 
14810 
14811 
14812 
14813 
14814 
14815 
14816 
14817 
14818 
14819 
15000 
15001 
15002 
15003 
15004 
15005 
15006 
15007 
15008 
15009 
15010 
15011 
15012 
15013 
15014 
15015 
15016 
15017 
15018 
15019 
15200 
15201 
15202 
15203 
15204 
15205 
15206 
15207 
15208 
15209 
15210 
15211 
15212 
15213 
15214 
15215 
15216 
15217 
15218 
15219 
15400 
15401 
15402 
15403 
15404 
15405 
15406 
15407 
15408 
15409 
15410 
15411 
15412 
15413 
15414 
15415 
15416 
15417 
15418 
15419 
15600 
15601 
15602 
15603 
15604 
15605 
15606 
15607 
15608 
15609 
15610 
15611 
15612 
15613 
15614 
15615 
15616 
15617 
15618 
15619 
15800 
15801 
15802 
15803 
15804 
15805 
15806 
15807 
15808 
15809 
15810 
15811 
15812 
15813 
15814 
15815 
15816 
15817 
15818 
15819 
16000 
16001 
16002 
16003 
16004 
16005 
16006 
16007 
16008 
16009 
16010 
16011 
16012 
16013 
16014 
16015 
16016 
16017 
16018 
16019 
16200 
16201 
16202 
16203 
16204 
16205 
16206 
16207 
16208 
16209 
16210 
16211 
16212 
16213 
16214 
16215 
16216 
16217 
16218 
16219 
)

// ************************************************************************* //
